a
0.0005448497 0.0510151411 0.0580551732 0.0406629961 0.0048462950 0.0088179628 0.0328487038 0.0040290204 0.0316156228 0.0009319798 0.0116282404 0.1289429915 0.0390857995 0.1316815783 0.0009033035 0.0380677908 0.0011183758 0.1127838954 0.0654106446 0.1673118835 0.0186826107 0.0160300528 0.0105098646 0.0040433586 0.0153704978 0.0050613673 
b
0.1299066968 0.0383150224 0.0038094186 0.0045271352 0.1378567879 0.0016010600 0.0006625076 0.0017114779 0.1275879203 0.0035885828 0.0004416717 0.2027825319 0.0038094186 0.0022635676 0.1199690830 0.0013802241 0.0000000000 0.0868437034 0.0331805885 0.0073427925 0.0792800751 0.0017666869 0.0014354331 0.0000552090 0.0098824049 0.0000000000 
c
0.1555345632 0.0000833519 0.0181429206 0.0003334074 0.1072182707 0.0000000000 0.0000277840 0.1238330740 0.0809902200 0.0000000000 0.0705156701 0.0422871749 0.0001389198 0.0004167593 0.1782618360 0.0001389198 0.0017781729 0.0608468549 0.0119748833 0.0777950656 0.0549566570 0.0000000000 0.0000555679 0.0000000000 0.0139475439 0.0007223828 
d
0.0722412078 0.0067915387 0.0038932387 0.0291560324 0.2990439936 0.0041527880 0.0180819310 0.0050612104 0.2227797725 0.0051044686 0.0003893239 0.0432582082 0.0094735476 0.0109443267 0.0758748973 0.0035904313 0.0003893239 0.0500930051 0.0644114721 0.0019898776 0.0449885366 0.0057533417 0.0074836700 0.0000432582 0.0147943072 0.0002162910 
e
0.0469106265 0.0077400489 0.0366144188 0.1213459710 0.0261955155 0.0130159607 0.0124638304 0.0039773831 0.0103575555 0.0012371809 0.0019426807 0.0503052054 0.0297025654 0.1049967792 0.0084046502 0.0196108504 0.0030469413 0.2148707095 0.1938897580 0.0430150404 0.0058178174 0.0120855188 0.0086091429 0.0158788585 0.0065335419 0.0014314489 
f
0.0935905612 0.0016741071 0.0006377551 0.0009566327 0.1251594388 0.0940688776 0.0004783163 0.0015943878 0.1906887755 0.0001594388 0.0000797194 0.1117665816 0.0003985969 0.0006377551 0.1251594388 0.0007174745 0.0000000000 0.0752551020 0.0160235969 0.0361128827 0.1006058673 0.0000000000 0.0004783163 0.0000000000 0.0237563776 0.0000000000 
g
0.1066606661 0.0031503150 0.0003375338 0.0012376238 0.1971197120 0.0020814581 0.0475922592 0.0594621962 0.1217371737 0.0002250225 0.0002812781 0.0831458146 0.0100135014 0.0409540954 0.0604747975 0.0010126013 0.0000000000 0.1180805581 0.0607560756 0.0034315932 0.0567056706 0.0000000000 0.0031503150 0.0000000000 0.0221647165 0.0002250225 
h
0.1668893228 0.0047271606 0.0010790258 0.0017469941 0.2600965985 0.0034426061 0.0003082931 0.0017469941 0.1677114377 0.0003596753 0.0005652040 0.0143870106 0.0128455452 0.0090946460 0.1654506217 0.0018497585 0.0001027644 0.0341691501 0.0216832802 0.0395128969 0.0414654198 0.0000513822 0.0056520399 0.0000000000 0.0450621724 0.0000000000 
i
0.0407129985 0.0151524439 0.0845030709 0.0309301100 0.0781405156 0.0200071104 0.0265658138 0.0005884444 0.0005148889 0.0002819630 0.0036900369 0.0549827757 0.0307094433 0.2514741759 0.0721702566 0.0191121845 0.0019614814 0.0264187027 0.0998516630 0.0747937380 0.0041068517 0.0296428878 0.0003187407 0.0028809258 0.0001103333 0.0303784433 
j
0.2156303480 0.0000000000 0.0005704507 0.0000000000 0.1831146606 0.0000000000 0.0000000000 0.0000000000 0.0798630918 0.0022818026 0.0005704507 0.0000000000 0.0000000000 0.0017113520 0.2224757558 0.0000000000 0.0000000000 0.0000000000 0.0000000000 0.0000000000 0.2937820878 0.0000000000 0.0000000000 0.0000000000 0.0000000000 0.0000000000 
k
0.0626646333 0.0124774712 0.0016636628 0.0038818799 0.3289893248 0.0065160128 0.0011091086 0.0109524470 0.2184943851 0.0012477471 0.0037432414 0.0561486205 0.0095660613 0.0399279079 0.0239844725 0.0058228199 0.0000000000 0.0137252184 0.1335089422 0.0074864827 0.0130320255 0.0011091086 0.0116456398 0.0000000000 0.0323027866 0.0000000000 
l
0.1265898294 0.0032808539 0.0061782313 0.0158929675 0.2109120348 0.0055391039 0.0037495473 0.0013421675 0.1798504442 0.0000426085 0.0069664884 0.1080764396 0.0064338823 0.0047934553 0.0926521656 0.0054112785 0.0001278255 0.0011930378 0.0339376638 0.0214320714 0.0381346002 0.0061995356 0.0014486887 0.0000426085 0.1196233409 0.0001491297 
m
0.1824535130 0.0537875952 0.0010399767 0.0005407879 0.2043762220 0.0030783310 0.0001247972 0.0006655851 0.1822871168 0.0001247972 0.0003743916 0.0044511003 0.0449685927 0.0092765922 0.1131910645 0.0951786680 0.0001663963 0.0013727692 0.0445526020 0.0008319814 0.0440950123 0.0006655851 0.0009151795 0.0000000000 0.0114813428 0.0000000000 
n
0.0689707239 0.0037412969 0.0611190336 0.0700947907 0.1280932808 0.0146296452 0.2015770489 0.0051002433 0.0798422951 0.0023655734 0.0140927775 0.0066940693 0.0043452730 0.0183541649 0.0491066186 0.0052009060 0.0022649107 0.0051505746 0.0981293516 0.1267511115 0.0144115427 0.0091435282 0.0031708749 0.0005033135 0.0056874423 0.0014596091 
o
0.0190439245 0.0194142230 0.0342261642 0.0271375924 0.0106152246 0.0104917917 0.0393927104 0.0024686569 0.0217241805 0.0006524307 0.0100862267 0.0706388531 0.0596533300 0.1989032110 0.0432896616 0.0414558022 0.0011814286 0.1345417997 0.0535698542 0.0490910053 0.0793496852 0.0268201936 0.0302410467 0.0070533054 0.0062069087 0.0027507891 
p
0.1116605022 0.0019077282 0.0017130621 0.0009733307 0.1735643372 0.0015573292 0.0005061320 0.0757251314 0.1045746545 0.0003893323 0.0010511972 0.0767373954 0.0024917267 0.0024917267 0.1111543703 0.0544286549 0.0000000000 0.1399260269 0.0438777497 0.0394393615 0.0433716177 0.0000000000 0.0017909286 0.0000000000 0.0106287717 0.0000389332 
q
0.0017574692 0.0000000000 0.0000000000 0.0000000000 0.0005858231 0.0000000000 0.0000000000 0.0000000000 0.0041007616 0.0000000000 0.0000000000 0.0000000000 0.0000000000 0.0000000000 0.0011716462 0.0000000000 0.0000000000 0.0005858231 0.0005858231 0.0011716462 0.9900410076 0.0000000000 0.0000000000 0.0000000000 0.0000000000 0.0000000000 
r
0.1423704501 0.0128775653 0.0199194745 0.0267657750 0.2069375846 0.0065039855 0.0139697133 0.0041403818 0.1419466315 0.0007172315 0.0116550117 0.0119158231 0.0245488777 0.0193326487 0.1006406181 0.0111333888 0.0006194272 0.0249237942 0.1124097348 0.0397248439 0.0301400231 0.0077428399 0.0032927446 0.0000815036 0.0253150113 0.0003749165 
s
0.0464024916 0.0030724552 0.0525474021 0.0017256255 0.1222037501 0.0034933395 0.0014730950 0.0778635914 0.0935836192 0.0003998401 0.0128159263 0.0279046276 0.0317136303 0.0170037248 0.0435825670 0.0453081925 0.0055346283 0.0015783160 0.1204149919 0.2173235969 0.0501062733 0.0003156632 0.0108588144 0.0000000000 0.0127317494 0.0000420884 
t
0.0922843906 0.0031717748 0.0107626515 0.0009087669 0.2143264433 0.0038310763 0.0015324305 0.0574661440 0.2405203136 0.0001425517 0.0000890948 0.0208125445 0.0042765502 0.0034034212 0.0824483250 0.0015858874 0.0000000000 0.0856379187 0.0676051319 0.0350142552 0.0357091946 0.0001603706 0.0062544547 0.0000178190 0.0297398432 0.0022986458 
u
0.0395311496 0.0382787412 0.0418432884 0.0305073860 0.0370263327 0.0123635196 0.0249839435 0.0002569043 0.0372190109 0.0006743738 0.0032434168 0.1036287733 0.0685292229 0.1656069364 0.0083815029 0.0379576108 0.0001605652 0.1235067437 0.1298651252 0.0855491329 0.0005459216 0.0028901734 0.0001926782 0.0029543995 0.0007064868 0.0035966602 
v
0.1465677180 0.0000000000 0.0001030715 0.0002061431 0.5377241806 0.0000000000 0.0001030715 0.0000000000 0.2101628530 0.0000000000 0.0000000000 0.0003092146 0.0000000000 0.0006184292 0.0809111523 0.0000000000 0.0000000000 0.0024737168 0.0009276438 0.0003092146 0.0129870130 0.0022675737 0.0000000000 0.0000000000 0.0041228613 0.0002061431 
w
0.2138683288 0.0116867939 0.0032463316 0.0142838592 0.1724451370 0.0063628100 0.0015582392 0.0715491495 0.1653032074 0.0001298533 0.0081807557 0.0323334632 0.0045448643 0.0533696922 0.1321906246 0.0053239839 0.0000000000 0.0379171536 0.0499935073 0.0049344241 0.0025970653 0.0000000000 0.0016880925 0.0000000000 0.0054538372 0.0010388261 
x
0.0733795353 0.0020383204 0.0815328170 0.0000000000 0.1748878924 0.0040766408 0.0012229923 0.0281288219 0.1916021199 0.0000000000 0.0000000000 0.0069302894 0.0024459845 0.0012229923 0.0501426824 0.1561353445 0.0012229923 0.0000000000 0.0057072972 0.1349368121 0.0432123930 0.0020383204 0.0044843049 0.0036689768 0.0309824704 0.0000000000 
y
0.0685694396 0.0222763662 0.0584754612 0.0320222764 0.1005917160 0.0092238079 0.0191437522 0.0076575009 0.0938043857 0.0012182388 0.0015663070 0.0640445527 0.0718760877 0.0536025061 0.0499477898 0.0824921685 0.0000000000 0.0457709711 0.1447963801 0.0323703446 0.0055690915 0.0022624434 0.0182735816 0.0048729551 0.0000000000 0.0095718761 
z
0.1371386212 0.0004941932 0.0004941932 0.0002470966 0.4848035582 0.0000000000 0.0004941932 0.0012354831 0.1875463306 0.0002470966 0.0009883865 0.0308870768 0.0019767729 0.0002470966 0.0588089943 0.0024709661 0.0007412898 0.0000000000 0.0002470966 0.0009883865 0.0079070917 0.0014825797 0.0009883865 0.0000000000 0.0180380529 0.0615270571 
